114 matches found.
100100
100127
100149
100150
100151
100152
100154
100419
100443
100444
100445
100447
100451
100454
100455
100457
100459
100463
100464
100466
100469
100470
100471
100474
100476
100477
100479
100513
100592
100594
100595
100652
100653
100654
100655
100656
100657
100659
100661
100663
100664
100668
100676
100678
100679
100690
100983
100987
100988
100991
100994
100996
100998
101001
101002
101005
101006
101007
101017
101022
101023
101024
101026
101032
101037
101050
101058
101059
101061
101062
101064
104342
104343
104345
104346
104348
104349
104350
104351
104352
104353
104354
104355
104356
104358
104359
104361
104366
104367
104427
104428
104431
104432
104433
104435
104436
104438
104440
104442
104444
104445
104483
104485
104486
104487
104488
104491
104498
104500
104502
104505
104506
104507
104619
